{
  "preflop": [
    [
      0.33952941176470586,
      0.10941176470588232,
      0.03905882352941176,
      0.07364705882352941,
      0.09764705882352942,
      0.10470588235294119,
      0.07588235294117647,
      0.03929411764705883,
      0.0391764705882353,
      0.08164705882352942
    ],
    [
      0.3424285714285714,
      0.08271428571428571,
      0.020714285714285716,
      0.05942857142857145,
      0.09271428571428574,
      0.09985714285714287,
      0.07857142857142858,
      0.043285714285714295,
      0.040857142857142856,
      0.13942857142857143
    ],
    [
      0.15155555555555555,
      0.21033333333333332,
      0.09633333333333335,
      0.048888888888888905,
      0.08133333333333335,
      0.08944444444444448,
      0.09233333333333334,
      0.06533333333333337,
      0.05544444444444446,
      0.109
    ],
    [
      0.08600000000000001,
      0.166,
      0.17033333333333334,
      0.12433333333333334,
      0.09066666666666666,
      0.07233333333333335,
      0.07866666666666666,
      0.078,
      0.061,
      0.07266666666666667
    ],
    [
      0.0732857142857143,
      0.18300000000000002,
      0.14657142857142857,
      0.08842857142857143,
      0.0785714285714286,
      0.07271428571428572,
      0.08471428571428573,
      0.07571428571428575,
      0.07200000000000001,
      0.12500000000000003
    ],
    [
      0.10389999999999999,
      0.196,
      0.1171,
      0.0357,
      0.052399999999999974,
      0.073,
      0.1086,
      0.10690000000000001,
      0.0637,
      0.14269999999999997
    ],
    [
      0.01973333333333334,
      0.08346666666666668,
      0.14506666666666665,
      0.16546666666666668,
      0.12560000000000002,
      0.09280000000000001,
      0.09333333333333337,
      0.08466666666666668,
      0.08093333333333334,
      0.10893333333333334
    ],
    [
      0.06822222222222223,
      0.1593333333333333,
      0.12133333333333335,
      0.07933333333333333,
      0.035111111111111114,
      0.05466666666666667,
      0.09244444444444444,
      0.12000000000000001,
      0.08822222222222222,
      0.1813333333333333
    ],
    [
      0.005789473684210526,
      0.04042105263157896,
      0.11431578947368422,
      0.15526315789473683,
      0.14315789473684212,
      0.10884210526315792,
      0.09305263157894737,
      0.1007368421052632,
      0.1083157894736842,
      0.13010526315789472
    ],
    [
      0.006111111111111112,
      0.03633333333333334,
      0.08688888888888892,
      0.14166666666666666,
      0.12866666666666665,
      0.0817777777777778,
      0.07755555555555557,
      0.11900000000000002,
      0.14577777777777778,
      0.17622222222222225
    ],
    [
      0.0004285714285714286,
      0.009571428571428573,
      0.03142857142857143,
      0.087,
      0.13042857142857148,
      0.14128571428571426,
      0.12899999999999998,
      0.10628571428571428,
      0.14857142857142855,
      0.216
    ],
    [
      0.0,
      0.0,
      0.0012000000000000001,
      0.0064,
      0.023600000000000003,
      0.06360000000000002,
      0.1352,
      0.21080000000000002,
      0.2612,
      0.298
    ]
  ],
  "flop": [
    [
      0.1005835659139509,
      0.5885860306643956,
      0.14813875095146642,
      0.03227735691761197,
      0.030120700279096666,
      0.046123455000180995,
      0.03669940918481992,
      0.01130885497843347,
      0.0023560114538403037,
      0.003805864656203569
    ],
    [
      0.003217842381203364,
      0.29891259119531866,
      0.46535271436100906,
      0.08446836250658755,
      0.026172709367804785,
      0.03331576465366562,
      0.04237288135593189,
      0.03260839413021146,
      0.009819967266775795,
      0.00375877278149186
    ],
    [
      0.00014728920905694753,
      0.06403063615548332,
      0.4343692674370347,
      0.3146231404737368,
      0.05836669657083891,
      0.028132238929876763,
      0.035496699382724047,
      0.03691603176090915,
      0.024208989997723612,
      0.0037090100826158586
    ],
    [
      0.0,
      0.007931798641301042,
      0.17463277588733264,
      0.46009275966044594,
      0.2084791532956336,
      0.03818162002446102,
      0.033458869688419206,
      0.03948945857905718,
      0.03269596386490478,
      0.005037600358444633
    ],
    [
      0.0002626740215392699,
      0.053016373347342625,
      0.41077839068382904,
      0.24236056387356544,
      0.044785920672445516,
      0.03047018649855534,
      0.04474214166885561,
      0.04601173277296206,
      0.04780667192014705,
      0.07976534454075802
    ],
    [
      0.0,
      0.0006487499549479185,
      0.02948208128596631,
      0.28495741076684683,
      0.4210987902014729,
      0.1313117964366822,
      0.035428955872988804,
      0.036558261350120365,
      0.04645770510710328,
      0.014056249023871504
    ],
    [
      0.0,
      0.0008350060216780408,
      0.0016539542352468884,
      0.04905660377358456,
      0.31733440385387485,
      0.41225210758731523,
      0.10403853873946145,
      0.03295062224006403,
      0.04973103171417056,
      0.032147731834604315
    ],
    [
      0.0,
      0.00021535015935911838,
      0.021621155999655493,
      0.23141528124730776,
      0.3190197260745978,
      0.12154362994228626,
      0.03505900594366451,
      0.04724782496339054,
      0.06525109828581283,
      0.15862692738392567
    ],
    [
      0.0,
      0.000426163267883074,
      0.00041037944314666384,
      0.005098175389860471,
      0.05926826188521963,
      0.31760212134604565,
      0.4073963002714824,
      0.10268956373508392,
      0.048519477239724364,
      0.05858955742155394
    ],
    [
      0.0,
      4.405092286683397e-05,
      0.0,
      0.0009544366621147358,
      0.009838039440259587,
      0.06892501064563891,
      0.3137159890166373,
      0.4255319148936173,
      0.1270575451889055,
      0.05393301322995985
    ],
    [
      0.0,
      0.0,
      0.0,
      0.0,
      0.0005505359629521678,
      0.007529388905081109,
      0.06973995271867547,
      0.2997182551248435,
      0.5051977071796363,
      0.11726416010881154
    ],
    [
      0.0,
      0.0,
      0.0,
      0.0,
      0.0,
      0.0002242592436857007,
      0.0036442127098926364,
      0.04398284416785797,
      0.30762761752586065,
      0.6445210663527031
    ]
  ],
  "turn": [
    [
      0.5328245550511066,
      0.30055984179595285,
      0.025457482661616147,
      0.026306993844525593,
      0.03254602679441847,
      0.02903657076010372,
      0.027560370999638047,
      0.016433167144806866,
      0.006447929142411513,
      0.0028270618054201673
    ],
    [
      0.5802973019419151,
      0.15427908575356555,
      0.009623646674686365,
      0.019913215329094326,
      0.03142722117202265,
      0.0304605602337171,
      0.03297387867331155,
      0.03024574669187141,
      0.028119092627599165,
      0.08266025090221678
    ],
    [
      0.07050832233979834,
      0.4062228085440806,
      0.32712549470906943,
      0.05035506778566841,
      0.02617396918067764,
      0.027156370168692382,
      0.03268588430123236,
      0.02889662334746138,
      0.01768321778426475,
      0.013192241839054666
    ],
    [
      0.0034171302974105432,
      0.11410467751906009,
      0.35545023696682415,
      0.2947661240469817,
      0.09185040181331146,
      0.02725118483412324,
      0.02822996084895943,
      0.03101174531217811,
      0.0300329692973419,
      0.023885569063809304
    ],
    [
      0.15835274327122142,
      0.3623188405797105,
      0.142889492753623,
      0.02160973084886124,
      0.022612577639751493,
      0.027529761904761856,
      0.035520186335403665,
      0.04046972049689432,
      0.045483954451345635,
      0.14321299171842694
    ],
    [
      0.0015871166894784385,
      0.010716677829872767,
      0.11096712193133113,
      0.32779055883980324,
      0.29558228253589275,
      0.12268848830775443,
      0.028699146742770704,
      0.028437054078453143,
      0.036285273304406236,
      0.03724627974023719
    ],
    [
      0.0016142918639690047,
      0.0710826517434351,
      0.20872793801119255,
      0.25672621609987084,
      0.12053379250968578,
      0.035137752905725295,
      0.025236762806715413,
      0.03438441670253977,
      0.06085880327163136,
      0.18569737408523487
    ],
    [
      0.002025384823116397,
      0.0022954361328652514,
      0.015730488792870655,
      0.12182014582770637,
      0.3232919254658392,
      0.27904401836349013,
      0.11763435052659922,
      0.0314744801512289,
      0.04026465028355415,
      0.06641911963272966
    ],
    [
      0.0034982508745627213,
      0.0015304847576211931,
      0.004044852573713147,
      0.023550724637681125,
      0.11338080959520182,
      0.284966891554224,
      0.33883058470764676,
      0.11497376311844014,
      0.04722638680659687,
      0.06799725137431226
    ],
    [
      0.0003190228784978589,
      0.00044055540363990034,
      0.0012912830796341912,
      0.0071552274177376874,
      0.033497402242275154,
      0.09143803360374309,
      0.26655121076778243,
      0.3873393491933288,
      0.1299030778111986,
      0.08206483760216234
    ],
    [
      3.4866287786339465e-05,
      6.973257557267893e-05,
      0.00017433143893169729,
      0.0014818172309194273,
      0.007565984449635662,
      0.024824796903873615,
      0.07928593842613568,
      0.23177364805969153,
      0.462065478888463,
      0.19272340573899047
    ],
    [
      0.0,
      1.5949472072474426e-05,
      1.5949472072474426e-05,
      0.0012121598775080569,
      0.0023605218667262155,
      0.004689144789307483,
      0.013812242814762838,
      0.0465405595074804,
      0.17925611662253935,
      0.7520973555775307
    ]
  ],
  "river": [
    [
      0.9964888218351391,
      0.0034837470854478204,
      2.7431079412974893e-05,
      0.0,
      0.0,
      0.0,
      0.0,
      0.0,
      0.0,
      0.0
    ],
    [
      0.010359168241965925,
      0.9854820415879018,
      0.004007561436672974,
      0.00015122873345935702,
      0.0,
      0.0,
      0.0,
      0.0,
      0.0,
      0.0
    ],
    [
      0.00011063170704723951,
      0.0433676291625177,
      0.956521739130435,
      0.0,
      0.0,
      0.0,
      0.0,
      0.0,
      0.0,
      0.0
    ],
    [
      0.0,
      0.0,
      0.9904891304347827,
      0.009160238429172568,
      0.00035063113604488273,
      0.0,
      0.0,
      0.0,
      0.0,
      0.0
    ],
    [
      0.0,
      6.269395943700836e-05,
      0.009842951631610267,
      0.9820381806212972,
      0.007523275132440994,
      0.0005015516754960668,
      3.134697971850418e-05,
      0.0,
      0.0,
      0.0
    ],
    [
      0.0,
      0.0,
      0.0004497751124437801,
      0.01203148425787106,
      0.9875187406296851,
      0.0,
      0.0,
      0.0,
      0.0,
      0.0
    ],
    [
      0.0,
      0.0,
      0.0,
      0.0,
      0.956521739130435,
      0.042811416377700424,
      0.0006668444918644958,
      0.0,
      0.0,
      0.0
    ],
    [
      0.0,
      0.0,
      0.0,
      0.0004813091609176976,
      0.011679768971602724,
      0.9810043317824482,
      0.006770415530242286,
      6.417455478902636e-05,
      0.0,
      0.0
    ],
    [
      0.0,
      0.0,
      0.0,
      0.0,
      0.0008439346106960904,
      0.012690275997874506,
      0.9789641484074642,
      0.007470384146532054,
      3.125683743318855e-05,
      0.0
    ],
    [
      0.0,
      0.0,
      0.0,
      0.0,
      0.0,
      0.0006552865240326355,
      0.012352150978015114,
      0.9808001048458437,
      0.006126928999705162,
      6.552865240326357e-05
    ],
    [
      0.0,
      0.0,
      0.0,
      0.0,
      0.0,
      0.0,
      0.00040372670807453464,
      0.009316770186335378,
      0.9858074534161491,
      0.004472049689441012
    ],
    [
      0.0,
      0.0,
      0.0,
      0.0,
      0.0,
      0.0,
      0.0,
      8.877643873315996e-05,
      0.00779013249883474,
      0.9921210910624322
    ]
  ]
}